 1.0000000000000000e+00   1.0000000000000000e-03   3.3333333333333335e-05   3.3333333333333334e-08  ! rhol, rhog, mul, mug
 6.6666666666666670e-05   6.6666666666666670e-05   9.2222222222222233e-02   4.7619047619047619e-04  ! f1, f2, g, sigma
 1.0000000000000000e+00  ! alpha
 7.5891076682694115e-03  -1.7775182167573941e-01  ! gamma
-4.6110198442996386e-01   8.8734714737511233e-01  ! a
 0.0000000000000000e+00  -1.0000000000000000e+00  ! U1 = 1.0 + A*y + B*y^2
 0.0000000000000000e+00  -1.0000000000000000e+00  ! U2 = 1.0 + A*y + B*y^2
-5.0627335657082949e-11   9.9661501273828799e-11   0.0000000000000000e+00   0.0000000000000000e+00
-9.8579736869398971e-02  -5.5970622232217759e-01  -1.8711762807764843e-03   4.2835365105276977e-04
 1.2438229743719452e-01  -1.3010344413540067e+00  -1.5609104807891223e-02   6.4477556085507819e-04
 5.7330149232553995e-01  -1.6048959776073350e+00  -4.4242531189879662e-02  -6.2073544625890599e-03
 8.5410694085877115e-01  -1.6058572772067756e+00  -7.8064992821926693e-02  -2.1563930975010075e-02
 9.3542185285611856e-01  -1.5680540392442261e+00  -1.0839750042636433e-01  -3.8881703076555967e-02
 9.2710297828183130e-01  -1.5447921895190335e+00  -1.3018929345472918e-01  -5.1971924268155771e-02
 9.1097960161671476e-01  -1.5334914375599313e+00  -1.4006044669685361e-01  -5.7868936850944172e-02
 9.1097960161671476e-01  -1.5334914375599313e+00  -1.4006044669685361e-01  -5.7868936850944172e-02
 8.8977920176840020e-01  -1.5205928438597460e+00  -1.4985439906141521e-01  -6.3645289459277166e-02
 8.3422643088313764e-01  -1.4844048256655460e+00  -1.7090624860251494e-01  -7.5723677270671252e-02
 7.5933667415589567e-01  -1.4176793865186743e+00  -1.9867604815107981e-01  -9.0938420859450281e-02
 6.9836437269447893e-01  -1.3357100541160920e+00  -2.2748930179711810e-01  -1.0614942807192915e-01
 6.6126567685434567e-01  -1.2670691413691806e+00  -2.5235587735356885e-01  -1.1912615429544333e-01
 6.4025203837997358e-01  -1.2234338509884934e+00  -2.6978556780195412e-01  -1.2823434870511236e-01
 6.3145256409990780e-01  -1.2051202996686508e+00  -2.7757222088044198e-01  -1.3231187807962044e-01
 6.3145256409990647e-01  -1.2051202996686485e+00  -2.7757222088044159e-01  -1.3231187807962061e-01
 6.2294145829203673e-01  -1.1876633109376229e+00  -2.8524425353513944e-01  -1.3633396226965791e-01
 6.0499329580428285e-01  -1.1518721322148764e+00  -3.0162008471510865e-01  -1.4492988137344898e-01
 5.8156899697840692e-01  -1.1066199191814412e+00  -3.2320585478315139e-01  -1.5627146614250798e-01
 5.5741638841001850e-01  -1.0604593101902968e+00  -3.4587884595991036e-01  -1.6818813465486526e-01
 5.3667511312993543e-01  -1.0207913473868844e+00  -3.6577214476099862e-01  -1.7864579978074624e-01
 5.2218176502922364e-01  -9.9305655805699078e-01  -3.7986988227849067e-01  -1.8605822329980154e-01
 5.1571781114414905e-01  -9.8068813956216605e-01  -3.8619858011526048e-01  -1.8938618883260769e-01
 5.1571781114414905e-01  -9.8068813956216605e-01  -3.8619858011526048e-01  -1.8938618883260769e-01
 5.0935528034529809e-01  -9.6851544125633138e-01  -3.9244859212268368e-01  -1.9267302905157555e-01
 4.9579297456740196e-01  -9.4257399849701529e-01  -4.0582714237529943e-01  -1.9970956059522457e-01
 4.7794018596789489e-01  -9.0843582041565840e-01  -4.2352059923182594e-01  -2.0901730902326379e-01
 4.5918440648288061e-01  -8.7258087670891349e-01  -4.4215627195967722e-01  -2.1882293162654440e-01
 4.4268979317537682e-01  -8.4105710584932081e-01  -4.5853692566891402e-01  -2.2744395330086653e-01
 4.3096063531735540e-01  -8.1864616796491940e-01  -4.7015587169579121e-01  -2.3356004957736573e-01
 4.2568080890081761e-01  -8.0855951408685944e-01  -4.7537344273871363e-01  -2.3630683713341252e-01
 4.2568080890081833e-01  -8.0855951408686100e-01  -4.7537344273871496e-01  -2.3630683713341291e-01
 4.2045632887663265e-01  -7.9857956296606569e-01  -4.8052667209798522e-01  -2.3901994361609427e-01
 4.0923340089320792e-01  -7.7714457559085337e-01  -4.9155775936532653e-01  -2.4482831241088188e-01
 3.9429139637630101e-01  -7.4861390140829898e-01  -5.0614273619862382e-01  -2.5250934957884907e-01
 3.7840200382390049e-01  -7.1828418516615622e-01  -5.2149219478540043e-01  -2.6059474158584778e-01
 3.6427767399774863e-01  -6.9133268189119745e-01  -5.3496706594671273e-01  -2.6769420799126237e-01
 3.5415342222057999e-01  -6.7201943052170110e-01  -5.4451148977472519e-01  -2.7272373498300756e-01
 3.4957503974357801e-01  -6.6328713850991028e-01  -5.4879310818140292e-01  -2.7498021847623422e-01
 3.4957503974357823e-01  -6.6328713850991050e-01  -5.4879310818140348e-01  -2.7498021847623449e-01
 3.4503213186894360e-01  -6.5462346488514445e-01  -5.5301894744172775e-01  -2.7720745508183797e-01
 3.3523213905732518e-01  -6.3593741851770413e-01  -5.6205380148999251e-01  -2.8196979779020787e-01
 3.2209991608241662e-01  -6.1090483849669586e-01  -5.7397278132108187e-01  -2.8825346268630059e-01
 3.0803254056422830e-01  -5.8409894180455924e-01  -5.8647740397555537e-01  -2.9484723455485828e-01
 2.9544180598844749e-01  -5.6011508401254428e-01  -5.9741538104338687e-01  -3.0061608371438259e-01
 2.8636809140877184e-01  -5.4283560146380716e-01  -6.0513686685560442e-01  -3.0468919451182397e-01
 2.8225158606563694e-01  -5.3499770538132840e-01  -6.0859291034396779e-01  -3.0651245849878750e-01
 2.8225158606563600e-01  -5.3499770538132618e-01  -6.0859291034396512e-01  -3.0651245849878644e-01
 2.7815890874843652e-01  -5.2720601478713569e-01  -6.1199883824963397e-01  -3.0830940009838420e-01
 2.6930293781460007e-01  -5.1034876120839323e-01  -6.1926251476174043e-01  -3.1214205444275456e-01
 2.5737775329730739e-01  -4.8765545018050332e-01  -6.2880287893428111e-01  -3.1717683559415177e-01
 2.4453004860469707e-01  -4.6321448327903397e-01  -6.3875299515752115e-01  -3.2242892037629456e-01
 2.3296669429370959e-01  -4.4122373463682657e-01  -6.4739895610042564e-01  -3.2699354843669576e-01
 2.2459564400421425e-01  -4.2530803379509763e-01  -6.5346536539305455e-01  -3.3019684996499382e-01
 2.2078745805237010e-01  -4.1806872329768602e-01  -6.5616963342802326e-01  -3.3162496079285303e-01
 2.2078745805236999e-01  -4.1806872329768574e-01  -6.5616963342802359e-01  -3.3162496079285303e-01
 2.1699482138984000e-01  -4.1085965777784289e-01  -6.5882757328218156e-01  -3.3302869986180678e-01
 2.0876584345967128e-01  -3.9522030079510090e-01  -6.6447078055189479e-01  -3.3600936881656229e-01
 1.9763653510236798e-01  -3.7407380441199506e-01  -6.7182488050194999e-01  -3.3989439527584531e-01
 1.8558342851967469e-01  -3.5117837067544250e-01  -6.7941417929398851e-01  -3.4390455320978491e-01
 1.7467875418255768e-01  -3.3046996301867765e-01  -6.8593045682818343e-01  -3.4734851631458435e-01
 1.6675070375517892e-01  -3.1541747820249288e-01  -6.9045220908873473e-01  -3.4973880989652800e-01
 1.6313454681613193e-01  -3.0855258333866004e-01  -6.9245295733562384e-01  -3.5079658090805482e-01
 1.6313454681613193e-01  -3.0855258333866004e-01  -6.9245295733562384e-01  -3.5079658090805482e-01
 1.5952720674570198e-01  -3.0170496204977898e-01  -6.9440973686530472e-01  -3.5183119001863250e-01
 1.5167970852273510e-01  -2.8681028748178633e-01  -6.9852984453781231e-01  -3.5400990499642271e-01
 1.4102105918542010e-01  -2.6658387086171687e-01  -7.0382011205917294e-01  -3.5680803284816187e-01
 1.2941807035518640e-01  -2.4457027985149776e-01  -7.0916910934948463e-01  -3.5963806113324170e-01
 1.1886634414471679e-01  -2.2455531625883943e-01  -7.1365383342967359e-01  -3.6201160185883935e-01
 1.1116196668729736e-01  -2.0994377823642563e-01  -7.1669572154608086e-01  -3.6362201033789077e-01
 1.0763845796914487e-01  -2.0326220623814997e-01  -7.1802066176184220e-01  -3.6432359155189592e-01
 1.0763845796914499e-01  -2.0326220623815006e-01  -7.1802066176184309e-01  -3.6432359155189631e-01
 1.0411765961891187e-01  -1.9658639576351089e-01  -7.1930277189717773e-01  -3.6500258538393054e-01
 9.6439263606040368e-02  -1.8202746110648532e-01  -7.2195342327758827e-01  -3.6640666967487651e-01
 8.5971762164496854e-02  -1.6215785206815378e-01  -7.2524387452264139e-01  -3.6815051214474964e-01
 7.4371973205565226e-02  -1.4044609685805914e-01  -7.2841010740124468e-01  -3.6982908167286765e-01
 6.4626917031543551e-02  -1.2148451938353838e-01  -7.3091285390973626e-01  -3.7115267612766412e-01
 6.0714460907167415e-02  -1.0323510963281415e-01  -7.3249952107121397e-01  -3.7202891683581030e-01
 5.5903210661199410e-02  -8.9193503252317896e-02  -7.3311892806977264e-01  -3.7240609367281308e-01
 5.5903210661990825e-02  -8.9193503244831496e-02  -7.3311892806977197e-01  -3.7240609367281274e-01
-7.6034959270609076e-02   1.5707887945966678e-03  -7.3341501157245792e-01  -3.7226035177964134e-01
-8.6018835286772649e-02   1.2443055400237089e-01  -7.3232574158836494e-01  -3.7094336912832943e-01
-7.2729966350885342e-02   1.4271384539246640e-01  -7.2971196335065569e-01  -3.6951973656198794e-01
-8.5870561324701111e-02   1.6220467630075647e-01  -7.2653672967173211e-01  -3.6785951534675315e-01
-9.6398964889254229e-02   1.8236738574340269e-01  -7.2324180495475443e-01  -3.6611605714076539e-01
-1.0404180546908690e-01   1.9694756554403572e-01  -7.2058620570471821e-01  -3.6471285216311228e-01
-1.0755965843993429e-01   2.0363114681607752e-01  -7.1930175616340364e-01  -3.6403435634573256e-01
-1.0755965843993429e-01   2.0363114681607752e-01  -7.1930175616340364e-01  -3.6403435634573256e-01
-1.1108165575975920e-01   2.1032285972522499e-01  -7.1797441866858569e-01  -3.6333328562140765e-01
-1.1878219541837282e-01   2.2496081015972530e-01  -7.1492704058404244e-01  -3.6172402542314092e-01
-1.2932624816133312e-01   2.4501218061847208e-01  -7.1043421472578949e-01  -3.5935216620609406e-01
-1.4092087095644712e-01   2.6706546018330451e-01  -7.0507555308891645e-01  -3.5652414658648118e-01
-1.5157194045741626e-01   2.8732840433837553e-01  -6.9977572849037128e-01  -3.5372800662461917e-01
-1.5941378568854395e-01   3.0224994309612363e-01  -6.9564817813236035e-01  -3.5155084038032564e-01
-1.6301851416193525e-01   3.0910994401641662e-01  -6.9368786402621430e-01  -3.5051696708746566e-01
-1.6301851416193505e-01   3.0910994401641678e-01  -6.9368786402621396e-01  -3.5051696708746533e-01
-1.6663209044270033e-01   3.1598720906677785e-01  -6.9168350170648341e-01  -3.4945994838235989e-01
-1.7455443505980328e-01   3.3106685656579765e-01  -6.8715358203756860e-01  -3.4707135562052366e-01
-1.8545125238276661e-01   3.5181262252084239e-01  -6.8062553522281655e-01  -3.4362984451825745e-01
-1.9749569310289253e-01   3.7474936381556784e-01  -6.7302252996899981e-01  -3.3962254341454901e-01
-2.0861697556898948e-01   3.9593401313482413e-01  -6.6565514922418612e-01  -3.3574028638765124e-01
-2.1684001968862932e-01   4.1160157657021440e-01  -6.6000175141443262e-01  -3.3276174317766882e-01
-2.2062994984672368e-01   4.1882364801742233e-01  -6.5733901193380939e-01  -3.3135900551145936e-01
-2.2062994984672368e-01   4.1882364801742233e-01  -6.5733901193380939e-01  -3.3135900551145936e-01
-2.2443535983497326e-01   4.2607600603369400e-01  -6.5462986079086216e-01  -3.2993191366891883e-01
-2.3280037255794719e-01   4.4202041058065089e-01  -6.4855249761669664e-01  -3.2673089845989728e-01
-2.4435537926668174e-01   4.6405082964375649e-01  -6.3989092579194318e-01  -3.2216952996681608e-01
-2.5719381779652312e-01   4.8853586389104392e-01  -6.2992284500277762e-01  -3.1692119771117605e-01
-2.6911036396706206e-01   5.1127008652047945e-01  -6.2036525714376767e-01  -3.1189001584347548e-01
-2.7795993084986104e-01   5.2815773219156892e-01  -6.1308846778477466e-01  -3.0806010268163181e-01
-2.8204963215576778e-01   5.3596348298602170e-01  -6.0967639149517738e-01  -3.0626444668035019e-01
-2.8204963215576800e-01   5.3596348298602325e-01  -6.0967639149517860e-01  -3.0626444668035058e-01
-2.8616317283205367e-01   5.4381550252436428e-01  -6.0621410921855390e-01  -3.0444248731086482e-01
-2.9523030988201204e-01   5.6112614047232845e-01  -5.9847868521839664e-01  -3.0037229184713554e-01
-3.0781191278382353e-01   5.8515322096535749e-01  -5.8752096479611038e-01  -2.9460757361447082e-01
-3.2186906651319591e-01   6.1200743448816419e-01  -5.7499377234878557e-01  -2.8801852603784101e-01
-3.3499175140423704e-01   6.3708513368947517e-01  -5.6305328105183095e-01  -2.8173936577079028e-01
-3.4478461878215266e-01   6.5580484566989583e-01  -5.5400212170883045e-01  -2.7698043864785071e-01
-3.4932422888793530e-01   6.6448412987328753e-01  -5.4976865625508398e-01  -2.7475479990563251e-01
-3.4932422888793541e-01   6.6448412987328820e-01  -5.4976865625508464e-01  -2.7475479990563290e-01
-3.5389927700730855e-01   6.7323214990127633e-01  -5.4547931120025717e-01  -2.7249993552999963e-01
-3.6401615888630134e-01   6.9258019878866650e-01  -5.3591766391972728e-01  -2.6747401852220676e-01
-3.7813019564371320e-01   7.1958026268829756e-01  -5.2241847788305151e-01  -2.6037965027512044e-01
-3.9400800366510108e-01   7.4996461665583458e-01  -5.0704132354988241e-01  -2.5230006782962616e-01
-4.0893910015430829e-01   7.7854667367454378e-01  -4.9243003207943975e-01  -2.4462455292168844e-01
-4.2015383402882245e-01   8.0002027025377842e-01  -4.8137904325958264e-01  -2.3882036209115243e-01
-4.2537448892525409e-01   8.1001819705015998e-01  -4.7621651714152829e-01  -2.3610920775802280e-01
-4.2537448892525231e-01   8.1001819705015699e-01  -4.7621651714152669e-01  -2.3610920775802186e-01
-4.3065046749531077e-01   8.2012302446384222e-01  -4.7098953338336180e-01  -2.3336439694517525e-01
-4.4237104748906414e-01   8.4257432632502427e-01  -4.5934962709649663e-01  -2.2725270351480603e-01
-4.5885359410379306e-01   8.7415485527230297e-01  -4.4293942469960473e-01  -2.1863789101585540e-01
-4.7759563321462817e-01   9.1007434865036130e-01  -4.2427013784787310e-01  -2.0883933509491764e-01
-4.9543534445299708e-01   9.4427400130755845e-01  -4.0654476852926841e-01  -1.9953829868236406e-01
-5.0898770704045138e-01   9.7026214562471158e-01  -3.9314208967974434e-01  -1.9250684396626000e-01
-5.1534556050583014e-01   9.8245675079809236e-01  -3.8688080600112340e-01  -1.8922237592658636e-01
-5.1534556050583058e-01   9.8245675079809303e-01  -3.8688080600112357e-01  -1.8922237592658639e-01
-5.2180477102795642e-01   9.9484744112954493e-01  -3.8054069486269682e-01  -1.8589681283483295e-01
-5.3628746918788939e-01   1.0226321548822401e+00  -3.6641753415386502e-01  -1.7848974201095358e-01
-5.5701356155053150e-01   1.0623715334311901e+00  -3.4648836273798250e-01  -1.6803963255460069e-01
-5.8114847331463537e-01   1.1086152497538362e+00  -3.2377448889644211e-01  -1.5613157827507373e-01
-6.0455514210430350e-01   1.1539486936016459e+00  -3.0214980031776051e-01  -1.4479819930365426e-01
-6.2248863084382811e-01   1.1898035074218616e+00  -2.8574445259562498e-01  -1.3620851578350432e-01
-6.3099223819299344e-01   1.2072912803289217e+00  -2.7805859688761003e-01  -1.3218935932480394e-01
-6.3099223819299344e-01   1.2072912803289217e+00  -2.7805859688761003e-01  -1.3218935932480394e-01
-6.3978374762739176e-01   1.2256369981955633e+00  -2.7025791893761408e-01  -1.2811480729644176e-01
-6.6077838718051773e-01   1.2693489522338439e+00  -2.5279685507383731e-01  -1.1901330118845982e-01
-6.9785226636908015e-01   1.3381147385151935e+00  -2.2788553826627753e-01  -1.0604613948213391e-01
-7.5881587446630938e-01   1.4202504434579850e+00  -1.9902026074465085e-01  -9.0845995518950021e-02
-8.3373031620764071e-01   1.4871375748410058e+00  -1.7119974424528772e-01  -7.5641024962762871e-02
-8.8931519106069956e-01   1.5234289068080353e+00  -1.5010888081724741e-01  -6.3569362204263374e-02
-9.1052890972120970e-01   1.5363657248637679e+00  -1.4029661445545935e-01  -5.7795940689325385e-02
-9.1052890972121059e-01   1.5363657248637697e+00  -1.4029661445545946e-01  -5.7795940689325392e-02
-9.2666075111422586e-01   1.5476975090941898e+00  -1.3040692474427068e-01  -5.1901788231483656e-02
-9.3496593887474155e-01   1.5709971786799932e+00  -1.0857413556756458e-01  -3.8817790198688397e-02
-8.5350952951693859e-01   1.6087632893994486e+00  -7.8185503446274202e-02  -2.1509814796864667e-02
-5.7235229058286552e-01   1.6075086793049091e+00  -4.4304573210324327e-02  -6.1691290615204647e-03
-1.2318520296613727e-01   1.3027983924483213e+00  -1.5628044878258512e-02   6.6182338581439646e-04
 9.9285691610268678e-02   5.6030680002266031e-01  -1.8730819697936028e-03   4.3083896212567439e-04
-3.6550623638831325e-15   1.6115581091824538e-15   0.0000000000000000e+00   0.0000000000000000e+00
